{
  "run_name": "subset_2",
  "sensor_names": [
    "Sensor2",
    "Sensor3",
    "Sensor7"
  ],
  "Fn_oma_Hz": [
    2.977066236488256,
    3.788021632803904,
    4.628288345813803,
    4.998658722964476,
    5.206809864232076,
    5.433191508872824,
    5.95064103404722,
    5.9506405421185615,
    6.5770439147691055,
    7.351158765636382,
    7.351400745640791,
    8.331063514338597,
    8.331733224966218,
    9.612683564707128,
    9.61265559112948
  ],
  "Phi_oma": {
    "__complex_array__": true,
    "real": [
      [
        0.9999999999999999,
        0.9999999999999999,
        0.9999999999999999,
        0.6627381256867754,
        1.0,
        1.0,
        -0.5155558876351037,
        0.4876576490189706,
        -0.5926486031398062,
        0.652688201902337,
        0.43045538299119446,
        -0.8262216145062166,
        -0.5387204621230927,
        -0.8553106137914809,
        -0.7515384215919488
      ],
      [
        -0.7842844552044432,
        -0.22297111762839011,
        0.9261088318036846,
        1.0,
        0.5814954805042588,
        0.2529747038192995,
        -0.5755139217024219,
        -0.7009749760462466,
        0.28291696317535775,
        0.36875683890261085,
        0.44954940447492575,
        0.48570037864709736,
        0.3370823573723131,
        1.0,
        1.0
      ],
      [
        -0.37630454768378074,
        0.6624469927018635,
        0.32591595518761135,
        -0.8369020998413093,
        -0.6780554832498188,
        -0.45236933071745783,
        1.0,
        1.0,
        1.0,
        1.0,
        1.0,
        1.0,
        1.0,
        -0.8440964612362637,
        -0.8115304466309355
      ]
    ],
    "imag": [
      [
        -0.0,
        -0.0,
        -0.0,
        -0.054968280843212605,
        -0.0,
        -0.0,
        0.11076761676271252,
        0.01874732442498187,
        -0.27162496958081667,
        0.1511277132503539,
        0.12419241365465933,
        -0.3070442704839871,
        -0.15091717916894368,
        0.07127893723313658,
        0.4020983790734021
      ],
      [
        0.009920328562880828,
        0.0028806370297343397,
        -0.04875959475245804,
        -0.0,
        0.12714247313346283,
        -0.1964426122618661,
        0.18106264333156694,
        0.12752120814498372,
        0.056996791919949205,
        0.14030105808439947,
        0.14129807916119738,
        0.17030648541788193,
        0.1726746403495311,
        0.0,
        0.0
      ],
      [
        -0.020724900616959703,
        -0.008961178594016801,
        0.034543140055307474,
        0.19319813573671363,
        -0.0855190734373451,
        -0.022479122734418717,
        0.0,
        -0.0,
        0.0,
        -0.0,
        -0.0,
        0.0,
        0.0,
        0.3505158501901753,
        0.5090943737348381
      ]
    ]
  },
  "Phi_oma_real": [
    [
      0.7544844735784271,
      0.8196142333931141,
      -0.7133633312262865,
      0.45265229516988176,
      -0.7417523068957596,
      -0.8869329729917899,
      -0.4126522768627845,
      -0.3693765281869331,
      -0.5162009059635667,
      -0.529051728975174,
      -0.3717894003864403,
      -0.6167462597866514,
      -0.4629253265348955,
      0.5418684371036747,
      0.5354621974022467
    ],
    [
      -0.5917303654113699,
      -0.18276073646799212,
      -0.6612533840770062,
      0.6777446365016179,
      -0.43829864841683724,
      -0.2299668686924808,
      -0.465266575820824,
      0.5364342005626163,
      0.23873492867289572,
      -0.30317077034574785,
      -0.3891205829915199,
      0.3612670144403957,
      0.2963347047530011,
      -0.6256828380269404,
      -0.6004837872630074
    ],
    [
      -0.28391610341650286,
      0.5429834450746128,
      -0.232070505899485,
      -0.5794550089271193,
      0.507639448832331,
      0.4005810039476663,
      0.7830996819204598,
      -0.7588144232230398,
      0.8225218893828543,
      -0.7925854856583893,
      -0.8428272739136001,
      0.6993641364242945,
      0.835395645674259,
      0.5611591423735109,
      0.593885053177324
    ]
  ],
  "FIM": [
    [
      1.0,
      0.5723695468467931,
      -0.08104929708814777,
      0.10499365546237921,
      -0.44441299365980297,
      -0.6468301757266418,
      -0.25836198523316406,
      -0.38067362668169175,
      -0.7642594851850585,
      0.005261818199751405,
      0.18903737019275776,
      -0.8776588800953188,
      -0.7618024909553149,
      0.6197447397950017,
      0.5907088748135162
    ],
    [
      0.5723695468467931,
      1.0,
      -0.5898420271814359,
      -0.06749932201795883,
      -0.25220714782359843,
      -0.4674051208893147,
      0.1720269456181452,
      -0.812809039238737,
      -0.020101212056669877,
      -0.8085714115242588,
      -0.6912491768514841,
      -0.19177629037653118,
      0.02002747018070083,
      0.8631734643109243,
      0.8710870497846541
    ],
    [
      -0.08104929708814777,
      -0.5898420271814359,
      1.0,
      -0.6365920665286393,
      0.7011572173888986,
      0.6918087940964942,
      0.4202957612673818,
      0.08487918724875422,
      0.01949144739538274,
      0.7618145162424467,
      0.7181235793344678,
      0.03877334160070756,
      -0.059589063409285166,
      -0.10304266543518108,
      -0.12273036521057747
    ],
    [
      0.10499365546237921,
      -0.06749932201795883,
      -0.6365920665286393,
      0.9999999999999998,
      -0.9269646636692361,
      -0.7894497269345105,
      -0.955890959713098,
      0.6360650873843819,
      -0.5484726361546223,
      0.014318786737586036,
      0.05636477204998318,
      -0.4395748805629838,
      -0.49277914611450474,
      -0.5039416717423517,
      -0.5087261422833955
    ],
    [
      -0.44441299365980297,
      -0.25220714782359843,
      0.7011572173888986,
      -0.9269646636692361,
      1.0,
      0.9620294665638364,
      0.9075437805554311,
      -0.3463366287463242,
      0.6958005748317762,
      0.12295702022442798,
      0.018474298222032146,
      0.6541549415667967,
      0.6375726134324987,
      0.15717029673088104,
      0.16749039323970707
    ],
    [
      -0.6468301757266418,
      -0.4674051208893147,
      0.6918087940964942,
      -0.7894497269345105,
      0.9620294665638364,
      1.0,
      0.7866856650533242,
      -0.09971651452937152,
      0.7324211244108081,
      0.2214579660225104,
      0.08161652468714814,
      0.7440851375952391,
      0.6770801984375351,
      -0.11192496820870439,
      -0.09892863157793003
    ],
    [
      -0.25836198523316406,
      0.1720269456181452,
      0.4202957612673818,
      -0.955890959713098,
      0.9075437805554311,
      0.7866856650533242,
      0.9999999999999999,
      -0.6913881717355608,
      0.7460527263203599,
      -0.26130381496633187,
      -0.3255532263028472,
      0.634088114362315,
      0.7073506210400182,
      0.5069496131671942,
      0.5234965368442704
    ],
    [
      -0.38067362668169175,
      -0.812809039238737,
      0.08487918724875422,
      0.6360650873843819,
      -0.3463366287463242,
      -0.09971651452937152,
      -0.6913881717355608,
      1.0,
      -0.3054033939795857,
      0.6342134192105938,
      0.5681421808033252,
      -0.10908001951043392,
      -0.30395244466695465,
      -0.961606806010657,
      -0.970555751910567
    ],
    [
      -0.7642594851850585,
      -0.020101212056669877,
      0.01949144739538274,
      -0.5484726361546223,
      0.6958005748317762,
      0.7324211244108081,
      0.7460527263203599,
      -0.3054033939795857,
      1.0,
      -0.4511993815967883,
      -0.5942225310813193,
      0.9798543438341276,
      0.9968391224155053,
      0.032480352175326965,
      0.06872093048590312
    ],
    [
      0.005261818199751405,
      -0.8085714115242588,
      0.7618145162424467,
      0.014318786737586036,
      0.12295702022442798,
      0.2214579660225104,
      -0.26130381496633187,
      0.6342134192105938,
      -0.4511993815967883,
      1.0,
      0.9826784762129621,
      -0.3375407877092128,
      -0.5070510398740998,
      -0.5417542769197875,
      -0.571942742269654
    ],
    [
      0.18903737019275776,
      -0.6912491768514841,
      0.7181235793344678,
      0.05636477204998318,
      0.018474298222032146,
      0.08161652468714814,
      -0.3255532263028472,
      0.5681421808033252,
      -0.5942225310813193,
      0.9826784762129621,
      0.9999999999999999,
      -0.500719877733421,
      -0.6472934381809293,
      -0.43095510081664107,
      -0.46596108831252714
    ],
    [
      -0.8776588800953188,
      -0.19177629037653118,
      0.03877334160070756,
      -0.4395748805629838,
      0.6541549415667967,
      0.7440851375952391,
      0.634088114362315,
      -0.10908001951043392,
      0.9798543438341276,
      -0.3375407877092128,
      -0.500719877733421,
      1.0,
      0.9768091720716979,
      -0.16777932375806795,
      -0.1318373851986902
    ],
    [
      -0.7618024909553149,
      0.02002747018070083,
      -0.059589063409285166,
      -0.49277914611450474,
      0.6375726134324987,
      0.6770801984375351,
      0.7073506210400182,
      -0.30395244466695465,
      0.9968391224155053,
      -0.5070510398740998,
      -0.6472934381809293,
      0.9768091720716979,
      1.0,
      0.032533741808227275,
      0.07030578906828724
    ],
    [
      0.6197447397950017,
      0.8631734643109243,
      -0.10304266543518108,
      -0.5039416717423517,
      0.15717029673088104,
      -0.11192496820870439,
      0.5069496131671942,
      -0.961606806010657,
      0.032480352175326965,
      -0.5417542769197875,
      -0.43095510081664107,
      -0.16777932375806795,
      0.032533741808227275,
      0.9999999999999999,
      0.9991264913477728
    ],
    [
      0.5907088748135162,
      0.8710870497846541,
      -0.12273036521057747,
      -0.5087261422833955,
      0.16749039323970707,
      -0.09892863157793003,
      0.5234965368442704,
      -0.970555751910567,
      0.06872093048590312,
      -0.571942742269654,
      -0.46596108831252714,
      -0.1318373851986902,
      0.07030578906828724,
      0.9991264913477728,
      1.0000000000000002
    ]
  ],
  "detFIM": 3.163531647905507e-190,
  "Ed": {
    "__complex_array__": true,
    "real": [
      0.9999999999999969,
      0.9999999999999903,
      0.9999999999999915
    ],
    "imag": [
      0.0,
      0.0,
      -3.944304526105059e-31
    ]
  }
}