{
  "Fn_oma_Hz": [
    2.9094276588323176,
    3.787044047765943,
    4.463002542573991,
    4.998600493120355,
    5.433191475683645,
    6.248177059674141,
    6.577032885048509,
    6.94241175481875,
    7.3507886704283925,
    8.331226710406625,
    8.331126403177263,
    9.612613889395028
  ],
  "Phi_oma": {
    "__complex_array__": true,
    "real": [
      [
        0.37164269914858183,
        0.5935513456587261,
        -0.33275364387553724,
        -0.6632964323178541,
        -0.4225802229098055,
        -0.891109312525615,
        1.0,
        0.9279162697270026,
        -0.653646515410717,
        0.8438846337417929,
        0.9383818745122867,
        0.9757642757157688
      ],
      [
        -0.9154544224960633,
        -0.9512396111454726,
        -0.921951823516147,
        0.3233948722360384,
        -0.5894886253113233,
        -0.5654023202786108,
        0.5500749828132057,
        0.7043811731247069,
        0.41840842750667145,
        -0.8408972295923105,
        -0.667535078468812,
        -0.8070366119952
      ],
      [
        0.7186357440400569,
        0.20831112334931567,
        -0.8833001879487328,
        0.6442081710769048,
        -0.016686807089259893,
        0.8541955778085459,
        -0.13905467193656823,
        0.3555310522546243,
        0.45798746152453906,
        0.4837906142785914,
        0.43815691408297863,
        0.9999999999999999
      ],
      [
        1.0,
        -0.04794323827174793,
        -0.9405107957211489,
        1.0,
        0.3122436396357937,
        1.0,
        0.14936141989747023,
        0.6617180130646149,
        -0.019193165277073324,
        0.8208960035147522,
        0.7444637043603708,
        -0.06375857020976139
      ],
      [
        0.6887719659459975,
        -0.2321866504358222,
        -0.8481980411442103,
        0.6565235183589765,
        0.47929245546815985,
        0.7619754366341124,
        0.28403304122610223,
        0.3779509083349465,
        -0.512507010167355,
        0.5126207176922322,
        0.47089521429182335,
        -0.9902917905143266
      ],
      [
        -0.814246953210864,
        1.0,
        -0.7193305643650211,
        0.46838214965066793,
        1.0,
        -0.3707210026973761,
        -0.224076802421523,
        0.6991455395713511,
        -0.22216292845514976,
        -0.8167414168871562,
        -0.7558220784370809,
        0.7586631115407563
      ],
      [
        0.3448508329675656,
        -0.6328939981401223,
        -0.31577453539381856,
        -0.7085409718438623,
        0.2328593802393034,
        -0.6152189534697268,
        -0.6848275347233308,
        1.0,
        0.9999999999999999,
        1.0,
        1.0,
        -0.7908661812525148
      ],
      [
        -0.8316516426892964,
        -0.9278610381790819,
        0.8424347997728845,
        0.2255428347114138,
        0.6488860271894837,
        0.30954244132649134,
        0.5663080209751377,
        0.7600839026783996,
        -0.28217343896059677,
        0.8355030487681049,
        0.7909519081717852,
        0.7700661403882963
      ],
      [
        0.9769989607036702,
        -0.0845064394434303,
        0.9999999999999999,
        0.8494550028775276,
        0.06621658203211417,
        -0.9786130903287743,
        0.11382484380433082,
        0.5799148397377796,
        0.09194478172542499,
        -0.8297477632855365,
        -0.6914766679382857,
        0.08128412580629323
      ],
      [
        -0.7583370500675279,
        0.928775646524999,
        0.7441524917953715,
        0.23389656532515696,
        -0.7626089825493237,
        0.5480915882744141,
        -0.2798692801265807,
        0.7310047456165086,
        0.40283413225495474,
        0.8696707383622722,
        0.723470076841651,
        -0.7195480757299921
      ]
    ],
    "imag": [
      [
        0.004187773022451282,
        0.024539310836709214,
        -0.0392080707037981,
        -0.1009435279065103,
        -0.14537849188653929,
        0.06005216382263236,
        -0.0,
        0.005142027036166005,
        -0.2301187384414214,
        0.3151205180372269,
        0.31115165077821405,
        -0.1544448121751535
      ],
      [
        -0.012294660631788017,
        -0.017851971949138054,
        0.0010306958682269874,
        -0.1296643727482563,
        0.2549321133651961,
        -0.0013119735525246768,
        0.053817803471966484,
        0.15982766158854977,
        0.11112394743773676,
        -0.3474266907477222,
        -0.1968841382009073,
        0.07947843642236885
      ],
      [
        0.0003664305919664716,
        0.005428726835936579,
        0.033359554652153914,
        -0.013072296139844274,
        0.22613532641457895,
        -0.04219990007180589,
        -0.012427907759590325,
        0.13932409305781127,
        0.1372091207179287,
        0.16796322327044932,
        0.1393351540832403,
        -1.7210609720090357e-17
      ],
      [
        -0.0,
        -0.00171070108704018,
        0.04622371955312702,
        0.0,
        0.21665382124426513,
        0.0,
        -0.0021107179809547495,
        0.14428152688274776,
        -0.015117220896486448,
        0.25558793422161885,
        0.19442369412546423,
        -0.13424942816192775
      ],
      [
        -0.005681501724887353,
        -0.004510855131596621,
        0.017599125405058074,
        0.001453809416274789,
        0.07713513621470809,
        0.043571548009556246,
        -0.012297914722674209,
        -0.003588159420021465,
        -0.1622355362665827,
        0.13058980076356494,
        0.11242256691228708,
        -0.12569862148231503
      ],
      [
        0.004758231962028789,
        -0.0,
        0.012805521634421287,
        0.03429206413612495,
        0.0,
        -0.1568798154619937,
        0.07375524198930854,
        -0.01928220764960941,
        -0.05318324028852479,
        -0.344179077310435,
        -0.10470331065602716,
        0.05623858601040879
      ],
      [
        0.02339378174068321,
        0.008586037463663286,
        -0.03184784348609212,
        0.17886682678466484,
        -0.10386200150029247,
        -0.15314996535232397,
        0.3027141913363015,
        -0.0,
        0.0,
        -0.0,
        -0.0,
        0.32191988213643075
      ],
      [
        -0.03892379843053127,
        0.009774575959693846,
        -0.07168698357969801,
        0.04353769476126335,
        -0.2611193551120893,
        -0.00984044765890947,
        -0.10854846507580064,
        -0.0023103304372753372,
        -0.048854431781110506,
        0.05643771705371048,
        -0.049529808198204385,
        -0.4295753989569595
      ],
      [
        0.04477523031606073,
        -0.006455738109787363,
        0.0,
        -0.05988162164808724,
        0.06642106264047591,
        0.09862591699215921,
        0.040743541561867484,
        -0.04117080647524396,
        -0.005893138245459757,
        -0.06577410738810284,
        0.1260352129137593,
        0.06883449294476779
      ],
      [
        -0.03286660738193112,
        -0.02148040625904559,
        -0.0035857882015085784,
        -0.13600767497654334,
        0.3108137334059014,
        -0.20312366605598603,
        0.11125901034453621,
        0.13718602529455085,
        0.0024728859265968593,
        0.014805442446121184,
        -0.0058497053340662445,
        0.19858638044165455
      ]
    ]
  },
  "Phi_oma_real": [
    [
      -0.15207784096950067,
      -0.2801760576491779,
      0.1329483726494135,
      -0.3314085688896987,
      -0.22854882916494848,
      0.3876864207387336,
      -0.6415775362275615,
      -0.4133151446946003,
      -0.43699071273302437,
      -0.3447303673289663,
      0.4104443093981523,
      0.4028794500596801
    ],
    [
      0.37462353266350773,
      0.4490170934559825,
      0.3693315739333685,
      0.16544698911940317,
      -0.36037455986391004,
      0.24560765158164424,
      -0.34858332674628295,
      -0.3182791772082949,
      0.27607530889571524,
      0.34617928331927206,
      -0.29075939712217724,
      -0.3305654070806448
    ],
    [
      -0.29400829500657333,
      -0.0983298410144191,
      0.35413563893041483,
      0.32427293523469464,
      -0.030075591742878164,
      -0.37147993245261723,
      0.08821388593570206,
      -0.16235363054196475,
      0.303761065621403,
      -0.19661678366528668,
      0.19135177834137101,
      0.40419881444930317
    ],
    [
      -0.4091160555716834,
      0.022630812491578323,
      0.37716786773933114,
      0.502928089576155,
      0.15895753311124036,
      -0.4344166558579897,
      -0.09599684820224115,
      -0.2988310778631873,
      -0.013674596491893199,
      -0.33127034740291295,
      0.323015291526897,
      -0.01840287330032999
    ],
    [
      -0.2817431083749364,
      0.10959990746872784,
      0.3399340340242957,
      0.3301526955620124,
      0.2671878061040364,
      -0.33059857124386416,
      -0.18321922202097068,
      -0.16818283083105257,
      -0.3407979506366953,
      -0.20454929153024576,
      0.20379116674958567,
      -0.39337581258522536
    ],
    [
      0.3330841816866753,
      -0.4720338372634221,
      0.28826871006164834,
      0.2348213356770341,
      0.5720733848601223,
      0.1595486665340165,
      0.1497000662805812,
      -0.31074242017621007,
      -0.1460011067742732,
      0.3367725698267036,
      -0.32332935182504624,
      0.3035640816056294
    ],
    [
      -0.141267496164035,
      0.298747474073297,
      0.1262121914988864,
      -0.3602112650889326,
      0.14264168202848573,
      0.26579828085412766,
      0.46373897397203234,
      -0.4452618342252204,
      0.6330375109988842,
      -0.37868058435030083,
      0.42088861358857216,
      -0.33733571039129284
    ],
    [
      0.34054732931633214,
      0.43798191052213387,
      -0.33810623413802765,
      0.1124907837379371,
      0.3949159363683922,
      -0.13456440043974793,
      -0.37206884242300264,
      -0.3383692067757811,
      -0.18355344170940258,
      -0.3208962778857349,
      0.33043690951063304,
      0.33483701980600866
    ],
    [
      -0.4000571450787499,
      0.03988983004843977,
      -0.400587537040216,
      0.42850908997758175,
      0.03185076152610099,
      0.42606802388022563,
      -0.06974753788582921,
      -0.2570173845018337,
      0.057610160622238143,
      0.3194625298567145,
      -0.28476024485499696,
      0.029076973663694085
    ],
    [
      0.3105056442150594,
      -0.43841376142484895,
      -0.29813009429366966,
      0.1205728835808089,
      -0.4644852764978572,
      -0.24004060554896328,
      0.1885143843314957,
      -0.32947559658266684,
      0.2552585120757365,
      -0.33050988547091653,
      0.3042091017230124,
      -0.30173987093177584
    ]
  ],
  "FIM": [
    [
      1.0000000000000002,
      -0.0027718198230718325,
      -0.2053227981598572,
      -0.24831261093193716,
      -0.08379740201994064,
      0.13792418373422022,
      -0.02397658898572962,
      0.005679983338837875,
      0.03782954419605582,
      0.2590381432851736,
      -0.26341665818828286,
      -0.028114153004300358
    ],
    [
      -0.0027718198230718325,
      0.9999999999999999,
      0.007831032731050867,
      -0.022132607507133067,
      0.08850713973455027,
      0.05951467724168329,
      -0.18820415107881525,
      -0.036688436474796284,
      0.2468991476234004,
      -0.013557885824374028,
      0.04363609312278321,
      -0.3085532888245765
    ],
    [
      -0.2053227981598572,
      0.007831032731050867,
      1.0,
      0.21039257189484525,
      0.15175462251240318,
      -0.23960833116309327,
      -0.0820688774412715,
      -0.2300613791736595,
      0.03112420990532614,
      -0.0537370532449378,
      0.07762258064931718,
      -0.05601614272031456
    ],
    [
      -0.24831261093193716,
      -0.022132607507133067,
      0.21039257189484525,
      0.9999999999999998,
      0.2595467474161868,
      -0.4557205174478258,
      -0.10611550426581516,
      -0.27464974443750384,
      -0.05788866876627772,
      0.15005634455708922,
      -0.16804948674081155,
      0.010272201969200038
    ],
    [
      -0.08379740201994064,
      0.08850713973455027,
      0.15175462251240318,
      0.2595467474161868,
      0.9999999999999998,
      -0.12221750356575022,
      0.12045425618661726,
      -0.1084499533244138,
      -0.2844262172269779,
      0.02824392220598997,
      -0.033790600687476316,
      0.30571784715913974
    ],
    [
      0.13792418373422022,
      0.05951467724168329,
      -0.23960833116309327,
      -0.4557205174478258,
      -0.12221750356575022,
      1.0,
      -0.14259629040665991,
      -0.14549444035068518,
      0.03709668941997322,
      0.44765799133327466,
      -0.36959879788755534,
      0.061425186412340946
    ],
    [
      -0.02397658898572962,
      -0.18820415107881525,
      -0.0820688774412715,
      -0.10611550426581516,
      0.12045425618661726,
      -0.14259629040665991,
      0.9999999999999998,
      0.25000850358845883,
      0.6587816142058762,
      0.06204671883531343,
      -0.11240112834310707,
      -0.32823716812997866
    ],
    [
      0.005679983338837875,
      -0.036688436474796284,
      -0.2300613791736595,
      -0.27464974443750384,
      -0.1084499533244138,
      -0.14549444035068518,
      0.25000850358845883,
      1.0,
      -0.1684662327257497,
      0.39694905172165634,
      -0.46475233411103634,
      -0.020752249959561524
    ],
    [
      0.03782954419605582,
      0.2468991476234004,
      0.03112420990532614,
      -0.05788866876627772,
      -0.2844262172269779,
      0.03709668941997322,
      0.6587816142058762,
      -0.1684662327257497,
      1.0000000000000002,
      -0.035216774744358144,
      0.038863433448353565,
      -0.4048962188016946
    ],
    [
      0.2590381432851736,
      -0.013557885824374028,
      -0.0537370532449378,
      0.15005634455708922,
      0.02824392220598997,
      0.44765799133327466,
      0.06204671883531343,
      0.39694905172165634,
      -0.035216774744358144,
      0.9999999999999997,
      -0.9942823158727767,
      -0.014687277179815333
    ],
    [
      -0.26341665818828286,
      0.04363609312278321,
      0.07762258064931718,
      -0.16804948674081155,
      -0.033790600687476316,
      -0.36959879788755534,
      -0.11240112834310707,
      -0.46475233411103634,
      0.038863433448353565,
      -0.9942823158727767,
      1.0000000000000002,
      0.02314640434990628
    ],
    [
      -0.028114153004300358,
      -0.3085532888245765,
      -0.05601614272031456,
      0.010272201969200038,
      0.30571784715913974,
      0.061425186412340946,
      -0.32823716812997866,
      -0.020752249959561524,
      -0.4048962188016946,
      -0.014687277179815333,
      0.02314640434990628,
      1.0
    ]
  ],
  "detFIM": 6.776805208733649e-37,
  "Ed": [
    1.000000000000001,
    1.0000000000000004,
    1.000000000000052,
    1.0000000000000915,
    1.0000000000000482,
    1.0000000000000002,
    0.9999999999999992,
    1.0000000000000018,
    0.999999999999999,
    1.000000000000002
  ]
}